27358700
125477540
104301570
32503650
32593230
101751820
150920340
34640660
176827110
87514570
129918740
133521310
50376390
60243860
95793910
216058040
116783110
64385310
98818450
52257970
166472340
255403130
286613940
308630840
22078750
96118640
118632710
83989670
55854290
125477540
118470900
35939220
211658670
170416311
25607501
92435461
106893141
1635381
88751191
95330241
45366921
49453051
314634501
247782781
70329261
76747121
70599621
53717701
38507351
321350071
79885151
18243681
3715751
26699861
92130781
187489641
78249341
67280891
68594841
47871031
228484541
145242741
57008081
290830691
68133411
145821872
162525642
145037192
111437812
30736232
48822932
88396992
64486882
49331422
216306062
216648482
164660802
259222632
1573722
295058102
85657442
155001142
30645742
320523832
164093492
275668002
40767612
278907522
283282702
78935352
75608992
64125352
43493542
40850672
11173253
11173253
188699103
107295673
105643993
83859133
224613293
14580253
122162443
319542243
28069293
50099503
50099503
50099503
220713143
70791383
41732093
26894873
141529043
112799433
41773143
255868313
15293443
224185903
165076853
104296653
50587183
222472723
114333063
38607923
75746653
140106803
322580683
50116873
37087083
131590353
42533613
34041133
275996703
245917353
81695333
50099503
50099503
9208583
151645954
25013484
165029844
23668494
83175254
120325584
36323544
29323664
49474864
235994584
280159724
111625334
255029094
314842034
24761394
84950364
245619084
49650624
88155754
18741704
119542254
34639764
57034144
124203044
99402754
85465444
164452144
289265454
178977644
44665154
30575674
117156594
83635374
31850124
154274774
262631934
109971865
240268865
108588835
17734085
265512835
326334715
87333405
65462565
110259615
53005905
155851755
134703665
158372635
53288525
71286275
133206085
86729275
268947235
245525635
134365685
144247705
48393955
45985425
2619055
282157275
244087365
53075565
29535405
96867005
212736015
74536315
51690205
42190346
246440436
105025346
66525616
60847006
178551876
89080486
124654156
87259366
288576616
3634736
321639076
102467446
317448816
86626076
142213786
233487746
85919416
127306956
255884336
54816926
49520906
101916126
143224056
252454676
230361306
119747246
103681106
319127916
104489396
102998456
61990866
304485116
162695476
36231826
287797906
22721986
126454726
53639216
41918576
228366597
261077467
73454287
292639047
77949497
215085017
41815747
286754247
81883847
62034697
34797997
134714337
109730687
154575927
50701687
42954337
75196247
21490107
25993617
1025637
31061937
40193427
131977787
131977787
131977787
85218497
25013877
113818357
13815747
10264317
124827677
94505987
61122847
303375627
125148167
44805987
21696347
79199807
119396317
75755657
340311507
211283697
232746057
121377397
286638577
86686747
73095637
175875507
123767107
32943787
250170797
83388987
105970837
131977787
131977787
40691017
113308957
136058318
110405078
65819678
236844628
334674688
129331508
56593308
15122518
21160948
60508598
101523478
77478148
33011858
156298108
186473218
41123848
2744008
99118978
75431228
278110458
22870058
21707738
307188088
47803908
42037028
23302028
296104638
40192698
66321758
43488708
132800298
33617108
278850648
56814338
118834778
76528828
57147609
123791729
58248229
122448329
49179149
256976039
28883879
96868199
124846939
48919009
52614809
231625339
66770219
33359689
227617779
78009479
185379229
155523229
47862469
213586319
35141469
241026329
30551629
78089849
151494739
119199679
229152909
59515349
94858279
119850799
262385319
45123259
43435979
221774669
69369359
69746679
137972109
110979509
112147939